   1.27850
  -0.81784
   0.46261
   0.34163
  -1.74481
   0.65901
  -0.89024
   0.00530
   0.61168
   0.32741
   1.44766
   1.47839
   2.03389
   0.91372
   0.21563
   0.59513
   0.25460
   0.84432
   0.54638
   1.56549
  -0.09113
   1.51156
   0.16524
   1.28585
   0.45732
  -0.10769
   0.63123
   2.30755
  -0.13950
   2.04116
   0.17549
   2.74046
   2.49226
   1.66401
   0.32386
   1.83286
   0.33902
   0.52559
   1.38164
  -0.00974
  -0.19491
   1.10024
   1.72453
   0.73930
   0.73259
   1.16143
   0.50435
   0.60261
  -0.06478
   1.76557
   1.27923
   1.51988
   1.84782
   1.00571
   0.68019
   1.35238
   0.97748
   0.90694
   0.55249
  -0.14855
   0.26506
   1.22635
   0.57573
   1.68064
   1.88304
   1.53214
   0.89154
   0.88920
   0.02462
   1.55148
   1.01832
   0.43742
   0.49451
  -0.21848
   0.58102
   0.77900
   1.00306
   0.81409
   1.05871
   0.84187
   1.76694
   1.40894
   1.12185
  -0.09105
   1.35199
  -0.82633
   1.09817
  -0.27355
   0.57459
   0.76349
  -0.99492
  -0.14384
  -0.87442
   0.76392
   0.55730
   0.08413
  -0.09998
  -1.13660
  -0.42020
   0.24916
   0.81801
  -1.10737
   0.75259
   1.00323
  -0.33521
  -0.63617
   0.47577
  -1.08453
  -0.61624
  -0.41558
  -0.19685
  -0.84052
  -0.50785
   0.21444
  -0.15462
  -0.43619
  -1.09949
   0.88474
  -0.55316
  -1.05504
  -0.19140
  -0.69927
  -0.19328
   0.09934
  -0.00730
  -0.27751
  -0.89477
  -0.63487
  -2.06959
  -0.36406
  -1.10335
  -0.26426
   0.45950
  -0.05599
  -0.57932
  -0.67557
  -0.35971
  -2.24413
  -1.32117
  -0.91907
  -0.05444
  -0.28495
  -0.85058
  -0.82112
  -1.49989
  -2.17229
  -1.41215
  -1.41303
  -1.74542
  -0.64707
  -0.69707
  -3.12103
   0.06894
  -0.96604
  -0.69707
  -1.81560
  -1.23128
  -0.79066
  -1.94142
  -0.02119
  -1.33682
  -1.15197
   0.25759
  -0.17034
  -2.13447
  -0.02372
  -1.12828
  -0.85045
  -1.14310
  -1.53031
   0.30631
  -0.96350
   0.02391
   0.01995
  -2.83958
  -0.27727
  -2.23054
  -0.98389
  -0.94816
  -1.22566
  -0.66727
   0.19859
  -1.92601
   0.18410
   0.31677
  -0.55296
  -0.36662
  -0.64402
  -0.42006
   0.54006
   0.90922
  -0.97095
   0.90273
   0.28648
  -0.40153
  -0.16625
   0.61487
  -0.16345
   0.82147
   0.41420
   0.60462
  -0.24034
  -0.79406
   0.13256
   0.91093
   1.55197
  -0.28931
   0.10278
   1.07371
  -1.13087
  -0.69126
  -0.83866
   1.42935
   0.61579
   1.27493
   1.47534
   0.30010
   0.74192
   0.14344
   0.83518
   1.19395
   1.29513
   1.50742
   1.53729
   0.31794
   1.64610
  -0.44177
   0.25355
   1.16908
   1.42441
   0.05451
   1.56517
   0.01675
   1.32279
   0.76255
   0.83588
   0.60818
   1.14049
   0.07373
   0.38806
   2.11026
   1.86598
   0.58848
   1.70866
   2.34837
  -0.19044
   0.30801
  -0.33324
   1.23704
   1.98299
   0.27880
   1.35978
   1.58850
  -0.23097
  -0.19293
   0.63952
   1.67428
   1.07821
   1.14951
   0.38737
   0.87993
   1.53818
   1.39538
   0.71165
   1.27901
   0.13778
   1.53321
  -0.93107
   0.53493
   1.43270
   1.10086
   0.63642
   1.63461
   0.48408
   0.00652
   0.34701
   0.97854
   0.45523
   0.73287
   0.82830
   0.47064
   0.78828
   0.61687
   1.46662
   0.49134
   1.43717
  -0.05965
   0.80377
   0.94429
  -0.96244
   0.00489
   0.47804
  -1.10748
   0.60957
  -0.45207
   0.90523
   0.66259
  -0.82895
  -1.27043
   0.31254
  -0.21071
  -0.16749
   0.58351
   0.44486
  -1.32632
  -1.00783
   0.73104
   0.16075
  -1.66049
   0.76240
   0.00839
  -0.37399
  -1.51495
  -1.63375
  -1.43792
  -0.71645
  -0.97106
   0.44451
  -0.24624
  -0.14068
  -1.46309
  -1.12478
  -0.46066
  -1.02868
  -2.67161
  -1.30858
  -0.69258
  -1.42386
  -1.16120
  -0.97750
  -2.31379
  -1.11649
  -0.45347
  -0.36305
  -1.74272
  -0.82366
  -0.48851
  -0.57265
  -2.44051
  -0.58063
  -1.43205
  -1.28855
  -1.22947
  -0.33344
  -1.42609
  -1.06479
  -1.39492
  -0.86782
  -0.97345
  -0.78383
  -1.68921
   0.44977
  -0.72281
  -1.05242
  -1.77017
  -1.15087
  -2.41617
  -0.48089
  -2.20233
  -1.58375
  -0.12069
   0.39558
  -1.38417
  -0.69644
   0.43960
  -0.85443
  -0.80973
  -0.09103
  -0.36941
  -1.07384
  -1.28254
  -0.60163
  -0.63128
  -1.61456
   0.14495
  -1.17543
  -1.37264
  -0.30916
  -0.48729
  -0.93258
  -0.51074
   0.54745
  -0.95444
  -0.26668
  -0.64190
  -0.58222
  -0.34639
   0.86650
  -1.42363
   0.50738
   1.14833
   0.69132
  -0.56803
  -1.00187
  -0.41266
  -0.53825
  -1.32537
   0.66548
   0.31586
  -0.04381
